-81
81
47
37
-29
-58
-30
62
-24
-98
46
119
-38
-49
58
-43
98
-171
64
-9
-26
111
19
-180
17
18
141
-172
150
-81
82
-32
51
-123
5
22
70
-24
33
-105
29
-72
165
-160
30
23
-2
-24
3
112
-82
26
-27
-14
48
-11
-46
-12
68
54
-43
-51
23
7
-22
27
29
-103
154
-89
-56
-18
39
-42
23
70
-70
21
46
-16
83
-37
-141
56
-51
58
45
-46
45
-88
8
3
11
31
10
39
9
-112
87
11
-50
31
43
-10
-62
67
59
-81
37
-96
-47
70
119
-38
-75
68
-130
170
-28
-35
32
-19
-33
-107
11
179
-119
20
67
-32
32
16
-152
25
6
38
41
-86
108
-72
-31
110
-52
-63
22
125
4
-108
94
-23
8
-25
-93
-25
69
-82
154
-50
-11
19
-81
20
-14
-33
95
-8
5
87
-44
-139
65
76
-29
63
-188
195
-64
17
-64
31
-57
-56
6
101
-80
24
70
73
-26
-142
43
-58
29
79
61
-78
-80
66
9
27
-22
23
-48
-51
37
-36
144
23
-18
-171
53
126
-177
9
77
94
-118
97
-33
-94
105
-141
-1
184
-112
110
-145
9
-24
65
86
-97
88
-163
53
125
3
-155
148
-66
-75
151
-91
100
-191
136
44
-159
82
11
-52
-14
21
-52
169
-41
-143
176
-184
185
-111
53
-63
128
-109
-10
102
-107
36
-1
28
-39
-1
-63
61
-41
124
-147
52
-46
115
-50
-9
85
-52
-91
94
7
-117
62
-10
-27
115
-22
-100
5
-32
153
-102
4
1
127
-35
0
15
25
-40
-63
-71
11
92
-6
11
33
-121
9
143
-78
16
26
34
6
-50
-52
-17
51
-47
-49
53
53
-46
54
-71
120
-147
145
-55
63
-119
25
74
-26
18
-65
6
-103
95
-52
71
-91
-25
54
116
-25
2
-151
75
-44
0
78
9
-45
-20
89
-126
34
84
19
-103
115
-107
122
-62
63
-95
-55
160
-50
-57
30
10
-82
135
-75
43
-64
25
68
-108
25
-5
102
-20
-75
-9
55
9
-127
74
57
-12
-32
27
-73
30
84
-129
39
34
-35
70
-107
84
-47
19
-24
40
44
-106
133
-133
40
84
-1
15
-127
54
24
-103
128
-120
137
-106
108
-187
125
-9
-65
115
-126
100
-16
-82
-17
138
-13
-90
26
31
-45
8
49
45
-158
97
60
-134
0
34
15
-73
114
-99
22
22
115
-3
-189
50
112
-164
150
-105
5
134
-169
143
-157
58
23
-1
67
-129
43
60
-32
104
-25
-31
-64
-60
97
51
-110
119
23
-146
66
35
-96
27
73
-147
72
78
-13
-47
21
30
12
-7
-122
29
115
-129
139
-117
-26
114
3
-89
104
-102
113
-6
17
-15
0
-68
19
55
-41
-109
109
-119
170
-106
-15
-10
125
-3
-168
154
-175
149
25
13
-18
-152
78
-16
-40
-19
83
-78
126
-51
58
-75
82
-123
30
-9
18
-62
73
-63
34
57
-23
-92
55
10
112
-121
109
-14
-107
90
-15
-29
-77
147
-49
6
19
-124
156
-123
52
37
-46
82
-173
123
20
-100
111
-148
108
-113
12
162
-153
124
-109
156
-141
-15
45
95
-44
-82
41
-93
125
61
-17
-70
-63
35
118
-109
117
-55
-137
88
45
-26
-10
-48
63
-49
-36
60
75
-145
66
-67
41
61
29
-4
30
-132
54
4
80
-114
85
-134
73
51
-42
-61
-4
23
76
41
-3
17
-7
-92
-82
158
-31
43
12
-166
127
-148
96
5
-1
-25
25
52
30
-97
89
-86
-29
10
-34
79
0
-89
152
-175
3
149
-159
197
-194
11
103
26
54
-86
11
30
-83
-43
-15
166
-118
60
-33
-88
164
-95
28
-67
67
43
13
16
4
-86
92
-43
63
-16
-98
-80
-6
5
97
48
-81
109
-124
87
16
-89
2
-52
122
19
-139
85
-76
89
-32
41
-119
182
-94
36
-54
-53
44
8
-69
97
-72
126
-48
-25
-28
72
-67
50
-42
-52
112
10
-104
-16
29
-43
69
-47
96
37
-6
-23
19
-151
14
165
-154
58
-78
180
-47
-99
104
56
-74
-124
128
9
-74
-65
108
38
-55
54
22
-76
62
-111
78
-93
128
-80
36
-5
-80
100
-41
-32
107
-69
-53
60
-17
51
-34
59
-73
-57
18
54
79
-25
-108
-27
80
64
-52
-110
155
-126
-2
82
-54
33
77
-84
-68
187
-116
89
-133
32
-1
1
-68
115
-91
60
58
-72
114
-115
104
6
-92
-17
20
-94
24
24
-18
-28
105
-22
5
-19
45
-12
-84
-20
26
35
11
25
36
-57
-61
96
4
-4
24
-83
132
-72
73
-110
61
-58
-53
86
16
-72
58
71
-94
63
-148
1
0
19
132
-124
3
-8
102
-11
-64
41
-66
90
37
-42
57
-31
36
-21
10
-53
-80
158
-17
-64
87
-111
8
-58
153
-90
94
3
-122
75
-121
83
17
-20
-79
154
-29
-145
93
9
-36
-52
-22
50
78
38
-53
48
-55
-20
-65
31
70
-57
24
22
3
-33
25
82
-7
-47
-86
60
84
-164
62
56
-109
105
-86
6
53
-58
57
-71
131
4
-174
26
35
112
-93
104
-146
82
-75
108
-1
0
-60
41
-97
105
-100
-12
141
-88
44
33
16
8
-162
69
101
-105
48
-19
-50
25
6
-15
-14
114
-112
-8
-6
15
99
-157
14
39
85
-132
144
-15
-145
134
-103
100
-34
65
-44
-44
-18
7
102
-170
188
-149
6
-7
37
42
-93
76
33
-99
141
-68
-56
105
-29
30
22
-86
15
78
-1
-89
27
-85
26
134
-79
-41
-11
24
-61
-24
76
-5
-30
113
-14
-123
38
20
-72
179
-48
-77
82
-77
104
-46
-12
-33
-18
37
29
60
-49
6
-8
-127
14
133
-54
-97
109
22
-52
29
-66
-16
57
-28
54
-14
-51
-44
160
-18
-71
62
-64
68
29
-82
-46
8
-22
106
-137
172
-22
28
-47
-126
182
-189
98
-72
92
31
-87
-53
155
-34
-17
54
-27
-109
86
53
3
-28
-30
-18
-59
74
41
-82
-71
105
90
-42
-118
42
33
64
-96
-71
-7
196
-89
-95
143
-85
72
-74
119
-156
68
5
-104
22
177
-134
54
68
-60
-56
-13
70
-1
-125
28
132
-82
60
-5
23
-10
-13
-32
-49
93
-90
17
-35
36
-15
10
105
-61
-93
126
-34
-77
29
-16
115
-77
20
-66
-28
47
11
54
15
21
-102
-12
61
37
-45
12
-71
116
29
-156
153
14
-146
56
3
-38
-19
120
-65
10
-96
-1
134
-76
-67
106
21
-56
-41
-14
16
8
23
27
95
-22
-161
174
-106
68
19
-155
132
-127
102
-115
85
83
5
-30
-108
110
-30
76
-16
-48
-19
5
48
-10
-59
63
-2
-36
-61
43
-57
-22
66
38
47
-117
34
28
-43
-65
114
-8
68
-131
-38
160
-172
133
35
13
-116
-33
18
132
-43
9
-6
-45
-77
-16
-3
67
113
-138
105
9
-103
-13
38
54
-78
102
-154
190
-180
9
150
0
-10
-66
13
75
-49
-19
57
-143
-10
51
63
-86
34
10
31
-103
123
-65
106
-181
123
-107
74
46
45
-131
85
16
-72
-16
16
-82
170
-172
194
-131
60
0
-22
50
-151
192
-187
35
1
94
-68
124
-21
-113
94
-48
-69
-34
48
-24
37
82
-8
15
17
-143
134
-15
-114
77
55
-54
-74
-17
46
127
-25
-142
11
-24
104
-8
50
-68
31
-8
85
-38
-42
-118
139
45
-85
-21
61
-69
-13
-6
117
-127
121
-29
21
-4
-45
66
-28
-70
76
-17
-95
29
-25
156
-39
-44
-3
-3
-83
156
-121
56
1
44
-14
-140
25
-27
55
-59
48
125
-87
68
-30
19
-17
-108
150
-92
76
-146
88
52
-142
50
-43
56
47
-75
-40
177
-19
-39
21
-34
22
-4
-60
76
-12
-13
0
52
-96
121
-80
38
-137
69
98
-12
-77
-15
-10
-18
35
-2
-13
-69
124
-103
109
-97
110
-72
21
-70
175
-39
7
-89
-52
57
-37
3
-22
133
41
-159
152
-62
30
-126
125
20
-95
-41
18
43
92
-60
-9
-1
44
-150
178
-186
182
-49
26
-12
14
-27
46
-175
177
-177
110
17
-136
61
5
45
-14
-72
65
92
-162
132
-115
-21
22
77
-22
67
-74
-45
132
-93
107
-92
-55
120
-119
142
-54
-93
115
-145
175
-21
-84
-71
24
153
-142
89
-6
-104
20
80
-125
93
-45
54
-41
82
9
41
-11
-85
-1
85
-115
81
25
-18
38
-61
-12
62
-132
-46
192
-157
107
49
-68
-100
146
2
-20
21
-156
-15
75
-46
67
-67
-4
5
100
-6
-110
135
-76
116
-134
-38
56
104
-26
-76
58
-34
-33
14
15
-101
115
-89
102
-107
-18
147
29
-143
101
-56
-59
147
-50
-10
-60
41
-26
16
-45
41
28
11
-106
53
86
2
18
-148
167
-168
154
-120
144
-96
-26
-74
0
54
134
-50
-52
-76
47
99
-35
-13
-62
90
3
-56
81
30
-45
25
-118
-9
77
51
-106
43
34
-104
74
-23
1
98
-147
51
102
-164
2
50
-39
48
99
-74
35
-113
15
38
-18
-55
69
-64
122
-50
-22
-3
-48
72
40
-14
-32
-37
-37
170
-189
67
19
-87
54
21
-37
65
20
-89
141
-96
-51
157
-58
-20
52
11
-84
23
-89
95
71
-138
117
-90
49
-66
25
12
103
-164
79
-78
150
-18
-57
-87
-3
12
-25
188
-133
-27
144
10
-97
46
20
-30
-82
132
-135
139
-5
-170
0
43
-34
74
55
-132
61
-17
142
-141
-34
85
-78
164
-104
-53
151
-36
-130
145
-77
-26
-10
-7
146
-93
76
-141
-3
70
91
-154
113
-144
71
-32
126
-20
-99
117
-161
68
-49
13
-20
49
-41
-19
12
31
75
-14
4
65
-71
-51
-28
5
59
-31
75
-100
15
-12
6
86
-44
82
-135
108
-51
-45
126
-101
-32
-45
149
-123
137
11
-143
61
-53
63
-26
77
12
-53
32
-130
116
-44
-29
132
-107
-23
67
0
-91
133
-93
8
88
-168
158
6
-12
-94
133
-75
67
-9
-166
14
54
-40
90
-85
108
-129
36
23
29
6
-46
73
34
-29
-78
93
-97
30
101
-160
63
8
47
-150
165
-71
26
31
-80
12
44
24
-28
-116
-11
79
-44
-25
102
-15
32
6
-93
15
27
-20
108
-20
10
8
-29
-78
16
-32
23
-69
147
0
-39
-83
11
157
-10
-17
-9
-21
-139
148
5
-38
-67
-14
-32
41
51
-5
-29
8
126
-170
167
-104
-47
32
65
-74
-37
62
-75
126
-72
-64
132
-82
120
-78
99
-70
-81
54
-57
2
90
62
-158
-10
58
13
-52
-17
94
-86
31
46
-54
-55
174
-91
-44
149
-15
-66
86
-85
4
4
38
-98
-15
-44
157
-122
160
-106
-60
153
-116
-2
16
32
-18
59
-54
13
-45
92
-42
-72
152
-85
76
-14
0
11
-149
54
-34
139
-44
-49
46
-39
-20
5
56
-80
7
-60
120
22
-28
52
-119
118
-86
37
-40
72
-35
-39
-63
91
-102
-13
52
-51
41
68
-112
-3
169
-66
-42
-2
140
-35
-33
-104
156
-164
170
-123
-63
1
45
2
88
5
25
-99
118
11
-8
-34
-153
44
116
-111
61
54
-164
79
-62
-5
77
78
10
-5
-177
116
81
-57
43
-31
-7
38
-29
-70
44
-5
-18
-39
57
-77
-23
55
18
92
-106
79
-54
-20
-42
84
-74
84
-88
-15
79
-64
51
-40
129
-107
80
-29
-68
50
52
-24
-105
33
88
-48
6
65
7
-26
-44
-48
53
-99
83
11
-14
58
-106
49
44
-27
34
-106
84
-38
-11
12
-67
72
62
-15
48
-194
18
136
-41
-26
50
-83
-52
5
70
51
58
1
-139
-6
60
-45
93
-97
79
-24
-52
-38
-12
88
24
72
-192
87
56
-144
44
74
-8
4
47
-159
122
45
-153
-10
46
-45
-9
58
-1
51
14
-110
105
-108
67
54
-96
4
-9
79
-75
152
-36
-19
8
59
-147
1
12
-50
-7
184
-54
-111
174
-8
-5
-36
-100
144
-185
114
34
-30
-44
-50
-26
111
-46
117
-11
-122
68
3
60
-125
12
114
-124
74
-136
70
6
11
-41
29
3
-45
144
-98
99
9
-34
-17
-72
-27
83
-47
33
38
-82
22
-84
187
-24
-24
-140
38
90
-62
62
-47
8
68
14
-83
98
-184
122
41
-81
-29
99
-114
154
-174
10
36
30
43
-127
99
66
-10
-117
92
-34
-55
79
56
-117
-60
60
41
59
23
-193
157
40
-120
46
-40
51
-56
-3
4
-29
57
40
2
-152
165
-151
165
-96
-16
5
71
-71
-66
126
13
25
-15
-147
134
9
-140
40
99
-59
86
9
-8
-171
6
46
2
12
-64
154
-89
50
3
-75
105
37
-69
-26
-84
66
100
-71
-60
86
-18
75
-157
44
114
-58
35
0
-99
27
29
-43
73
-19
20
-42
-66
-19
159
-12
-145
63
25
-13
87
-58
52
-63
71
-7
-129
54
17
-85
148
-70
58
-68
-20
-91
9
161
-84
32
-60
137
-10
-75
67
-51
-88
-28
12
138
-90
-52
29
12
36
-50
4
108
-46
71
-27
-49
2
-20
84
-18
-60
43
-59
107
-126
83
-8
-136
8
109
14
-80
31
77
7
-9
-25
37
3
-141
138
7
-33
-59
29
-61
93
-120
120
-74
63
-91
-31
156
15
-157
88
7
-91
95
66
-27
-35
-53
-1
22
89
-26
-92
92
-16
46
-51
-100
37
-72
90
80
9
-141
6
71
-31
-75
26
35
-31
113
-8
-72
-43
109
51
-78
56
-150
-6
144
25
-148
36
59
-102
135
-41
-65
113
-151
166
-30
-91
122
-160
79
-104
68
113
-135
131
-95
-7
89
-138
45
10
-82
96
-46
62
-80
8
97
-21
-94
81
-61
-9
43
-11
-44
164
-102
78
-146
177
-25
-129
140
-10
-149
45
-16
90
-93
29
-50
-25
175
-146
37
95
-88
-66
74
18
15
-37
60
8
1
-34
-29
-51
45
25
-75
-30
97
65
10
-101
109
-157
-11
167
-128
140
-9
-154
-5
-22
142
-44
-88
166
-25
-24
-72
-15
-16
130
1
-44
78
-155
132
3
16
-122
18
76
-23
-124
120
16
-6
42
-45
-66
89
-50
-38
30
-94
75
-5
32
52
-78
67
36
-149
69
-9
80
-86
-77
133
-70
1
101
6
-173
128
-25
-6
-29
17
100
-44
-145
99
-82
36
6
43
31
37
-156
3
105
-121
6
173
-129
135
-164
45
17
-33
96
-83
-27
74
-105
99
67
-134
116
17
-179
172
-85
92
-144
71
-16
38
-42
28
-9
63
-93
47
-15
29
-18
-29
74
-152
140
-82
-33
112
42
-188
60
60
-72
-24
76
-49
-54
142
43
3
-138
-24
91
-29
4
-68
-17
162
-71
-32
-9
-40
140
-136
161
-73
-66
-24
40
126
-162
50
35
-33
26
-90
69
-27
102
-90
-24
115
-64
18
85
-10
-100
-83
103
79
-165
144
-161
175
-42
50
-148
142
-175
43
118
14
-58
-48
-19
-31
13
50
-59
115
10
-83
29
98
-66
-37
38
-116
31
-10
-36
66
-67
155
40
-108
3
-58
34
29
-15
102
-158
129
-97
23
98
-84
23
39
-120
-16
156
-91
-69
91
22
19
-25
3
60
-112
69
-7
-108
109
-115
96
52
-131
124
37
-180
167
-35
-76
-60
62
41
13
-100
72
-3
57
-20
-22
-53
-48
-2
172
-45
8
-140
73
1
-47
133
-114
99
-67
6
22
-30
-23
-11
136
-99
-22
-53
-8
142
49
-137
-12
105
44
-84
-99
148
-37
23
-48
-79
134
-24
-78
137
-93
9
-15
91
-35
7
-140
-8
147
-4
-57
75
-6
-115
66
42
-51
4
-4
-57
121
-103
91
-116
-31
44
5
54
19
-23
-60
127
-14
-25
17
-99
-18
78
-56
129
-127
37
53
-133
123
-132
110
72
-128
-45
167
-158
52
57
-73
-29
101
-18
-25
-31
111
-36
-105
47
-61
113
-1
72
-161
143
0
-137
29
3
-69
153
-79
40
-26
44
-5
-60
87
-3
-2
13
-32
-52
-54
-7
68
106
-93
-37
2
-2
126
0
-131
116
-58
-81
130
-28
-29
61
-126
93
-50
49
-63
-56
141
23
-59
-12
37
-142
137
-17
52
-147
89
-40
17
40
8
-108
41
-74
8
134
46
-13
-95
17
48
-70
111
-3
-171
47
-59
121
70
-118
-42
57
-9
45
-111
44
99
-73
4
-85
169
11
-143
9
138
-185
193
-17
-47
-102
-1
51
29
-91
48
9
-44
-11
-21
178
-130
138
-167
62
33
-77
55
-69
51
109
-154
19
120
-146
78
7
-80
21
-11
124
-131
-11
174
-102
99
-180
159
5
9
-63
32
30
-125
115
-109
59
38
-3
-61
-61
55
36
-42
-75
90
37
-19
10
58
-79
-68
-23
111
56
-125
59
77
-167
14
86
-28
95
-85
-2
10
6
57
-153
53
-4
-13
59
-120
97
33
-30
-67
165
-20
-9
-65
63
-32
46
-32
44
-145
44
79
-82
-71
51
14
-6
49
24
-151
106
72
-147
151
10
-39
-19
-44
-6
102
-61
-42
32
-20
45
-57
-52
91
-89
-8
147
-95
71
-85
-16
122
-71
28
-30
-47
28
76
25
-69
26
35
-158
7
41
37
-92
131
-4
-11
61
-110
83
9
-19
-6
52
-73
-102
73
43
-118
45
-29
111
15
-126
140
-60
-102
21
167
-66
-87
-27
175
-50
32
-95
-55
72
-35
36
-96
25
17
99
26
-56
-3
-52
-13
81
-8
-92
-9
8
32
131
-52
-120
2
64
65
-85
37
-10
65
-81
95
11
-60
-91
-3
95
-116
14
-7
161
-92
41
59
-56
-79
51
53
-88
59
35
-107
-44
167
-156
71
30
-90
108
-131
176
-174
115
-14
-33
25
33
12
-42
-3
55
-131
156
-106
129
-151
66
-21
54
-22
38
-63
22
-6
-47
67
-136
135
26
-77
3
1
-50
-32
188
-83
-8
-30
-21
101
-33
34
20
-78
80
-3
-77
-56
-23
26
123
-35
13
-56
-41
118
10
-176
101
36
-52
54
38
-53
22
-25
65
14
-55
44
-85
-39
79
-66
35
7
-118
7
102
60
-118
25
-26
146
-31
-117
63
-20
-43
-37
167
-95
68
3
4
-112
28
69
54
-179
64
18
-66
-9
103
19
-52
-15
26
-101
-5
159
-126
19
54
45
-98
-34
24
10
130
-161
117
-54
44
-81
36
-80
189
-111
94
-100
58
28
-109
-40
97
-10
-54
122
-110
-60
130
-85
-40
183
10
-138
99
34
-78
29
-127
-12
176
-33
-93
11
38
-104
100
-69
-3
7
160
-161
-33
55
80
64
-175
121
54
-95
37
-138
89
46
-75
-13
81
48
-35
-46
36
-9
71
-6
1
-142
141
-99
-10
-64
59
-51
26
-24
55
56
-112
31
-24
-7
137
12
6
-176
59
-19
-39
140
29
-23
-108
65
-82
164
-142
-31
22
-1
21
12
-14
30
11
-39
56
66
17
-105
96
-6
-113
82
6
-107
107
-136
25
119
3
-147
46
96
-81
13
59
-22
-68
82
27
-47
-108
164
-17
-47
75
-162
19
93
-17
-85
86
-130
148
-109
-35
54
6
-11
123
9
-157
17
56
12
-20
-36
-10
113
-4
17
-135
140
-71
-102
43
5
-13
12
147
-80
-23
-18
-8
124
-77
-43
-23
80
-4
-101
40
89
-134
146
-150
97
60
-159
9
106
58
-126
45
-62
-27
87
-7
-90
149
-111
31
-75
122
23
50
-157
-20
178
-76
-24
-74
164
-186
194
-42
17
-111
67
59
-102
-28
67
-27
17
5
-54
-46
-3
57
53
-64
39
28
7
-89
78
52
-159
104
-24
-32
30
-11
-67
74
97
0
-37
-37
59
12
-14
-125
34
-47
131
-69
-44
79
-13
60
-36
-125
38
22
-13
115
-177
29
18
0
47
-1
-12
30
23
-66
31
-65
148
-161
-3
84
-35
-19
88
-105
112
-6
24
-151
53
38
-75
91
10
-38
5
34
-9
-26
83
-12
-27
-80
19
-5
55
0
-20
-47
89
-73
87
5
-93
-26
151
-30
18
-77
70
-130
112
-156
163
-79
-43
-34
5
99
-60
89
-64
113
-192
106
-43
15
-46
88
18
43
-35
-96
98
24
-72
-3
44
-54
71
-87
17
33
-93
29
105
-86
-54
109
14
-65
-3
-50
49
-44
55
6
-29
59
45
-163
52
10
-58
151
-118
71
-53
77
17
19
-11
-166
51
148
-138
-45
12
9
64
76
-55
11
25
-6
-33
-71
151
-12
-62
45
-24
41
5
-33
-9
38
-162
138
-35
5
-44
-46
90
7
-99
104
-39
-36
112
-24
39
-144
37
65
-151
4
145
-150
192
-117
45
17
-126
100
-66
116
-62
-28
3
104
-22
9
-144
68
-34
9
121
-72
-28
83
-97
11
90
-10
26
-10
-57
21
40
-66
55
-66
-99
180
-166
35
45
-27
8
47
-74
-14
6
33
4
23
-9
-75
151
13
-42
-97
-25
97
-107
1
87
-13
22
-74
-29
77
62
22
-145
97
57
-50
20
-86
-52
-5
51
4
-22
56
26
20
-20
-24
-17
-62
80
8
35
-77
10
-29
110
32
-103
31
-91
159
-98
-35
5
10
66
-127
75
14
69
-74
67
-153
132
-107
67
-89
70
100
-151
151
-143
134
-127
68
55
34
-152
154
-87
-42
62
17
-77
117
-175
140
-10
-100
3
60
26
-131
108
-93
164
-177
19
34
73
-82
135
-70
53
-144
149
-43
41
-153
60
5
-45
-28
172
-122
89
-3
-133
79
98
-130
139
-126
-60
95
-18
104
-132
52
87
-58
19
21
-128
72
-122
172
-172
119
69
-112
74
24
-140
95
-97
149
-109
122
-123
-11
-8
15
14
-18
61
45
-165
130
-54
-77
21
167
-7
-106
-13
72
-85
16
-9
134
-95
-87
108
16
9
-40
15
-101
83
42
-112
75
-94
103
57
-83
-2
92
-2
-57
15
-132
60
59
-88
98
-121
78
64
-80
-39
-31
35
69
-15
93
-172
0
143
-89
42
32
35
-102
-16
92
17
-69
-16
14
76
-153
83
-65
57
46
-18
-13
73
-154
107
35
15
-9
-97
0
34
-68
0
-23
94
41
9
-72
-60
-8
-29
157
-76
-46
20
0
-48
153
-115
60
-53
69
46
-130
115
-48
56
-21
-106
8
131
-23
-110
-20
155
-16
22
-38
-137
11
106
-117
168
-171
189
-13
-171
191
-61
-85
0
88
33
-155
109
-53
-1
13
78
-58
-29
58
-131
112
-12
75
-105
9
-13
-41
20
93
43
-13
-78
81
-26
-48
71
-136
68
-80
152
-150
167
-91
-51
14
123
-174
157
-107
35
27
4
-128
102
50
-118
88
59
-98
-69
151
-110
53
-19
65
6
-149
179
-177
173
-21
25
-12
-162
24
154
-191
1
110
-97
86
-64
59
-42
37
-42
41
-75
17
93
-94
118
-17
-41
100
-103
-36
-49
26
-12
174
-44
-138
111
45
-114
64
6
-113
23
59
-27
9
118
-69
47
-125
122
-28
-108
65
28
10
-103
138
-41
-5
53
-91
72
40
-168
28
-48
145
-129
-10
7
128
-123
-20
188
-151
40
104
-18
-165
180
-97
8
-79
169
-14
-68
-85
123
-109
61
25
-48
-69
116
-16
-41
18
-72
32
57
-64
109
-66
-34
96
-65
5
50
67
-160
29
20
49
-99
38
34
34
-97
-43
125
-36
32
77
-104
97
-89
5
-35
39
37
-28
-25
-4
57
-9
-110
-8
147
-60
-92
-12
120
-23
37
21
-35
72
-97
69
29
-173
-16
60
106
-71
-43
-34
-16
123
-45
22
-57
132
-184
0
73
108
-8
-132
-1
150
7
-32
-123
44
-12
93
-85
92
-88
-57
120
-54
3
-25
76
10
-59
10
-68
148
-19
-74
78
-2
-124
-50
107
69
18
-95
68
26
-178
146
-81
11
-11
34
-98
152
-23
22
-153
181
-153
73
41
-62
83
-178
86
65
-102
-37
63
-24
-38
170
-156
132
-127
113
7
-104
59
-75
58
98
-41
-40
-1
-64
33
-4
-34
31
69
7
19
-49
-19
105
-136
30
68
-22
5
-19
-54
50
-38
21
-88
18
68
21
-107
177
-133
53
-64
67
39
-31
13
5
0
-69
13
-31
132
-6
-177
-3
23
142
-25
-21
-29
72
-122
84
-108
41
52
11
11
-5
-63
79
-103
74
-55
87
44
7
-108
-7
-62
106
-38
-80
49
36
-83
72
-72
92
-100
50
13
131
-17
-95
-80
85
67
-68
-71
154
-140
-23
27
7
64
-81
165
6
-137
-48
61
76
23
-41
-88
90
31
-110
-19
133
-61
-56
63
-78
50
33
8
66
-35
-63
19
77
-137
97
33
-23
-34
47
-17
30
-1
-157
107
-29
3
19
-90
35
59
-109
168
-2
-164
79
-79
86
62
-71
-48
77
66
-29
-97
-21
18
-14
108
34
-169
91
14
32
-66
-81
53
88
-12
-36
-79
-3
106
39
-155
142
-133
168
-173
-21
46
-20
56
112
-49
9
-110
-30
-6
149
4
26
-111
17
58
-26
-13
-90
11
-25
125
-117
22
-21
173
-183
122
-111
135
-51
69
-171
80
-26
142
-170
-17
183
1
-23
-19
4
3
21
-129
61
-56
109
-79
5
84
-4
-62
56
25
-139
123
-104
1
7
46
-81
37
-75
44
28
-43
26
11
-43
154
-8
12
-45
13
34
-135
-43
93
37
-38
-74
33
102
32
-143
-38
105
-46
13
113
0
-119
-1
-75
126
-22
82
-49
-11
-111
104
-19
52
-142
44
36
-75
0
179
-88
-38
-46
147
-138
137
-147
25
42
-43
38
-46
7
70
3
-67
145
-19
15
-55
-30
-96
-1
1
107
-92
-6
-8
34
-6
-30
97
7
75
-109
70
11
-105
96
-99
54
83
-95
61
-47
59
-7
-53
40
9
-158
10
113
-109
11
171
-1
-195
11
184
-151
133
-71
6
57
21
-174
117
-83
122
-31
20
4
25
-120
-43
84
75
-46
-127
83
47
-117
-5
89
-106
15
39
-51
178
-130
-50
159
-50
6
-35
22
32
32
-61
-47
51
-91
159
-125
39
-85
160
-137
70
33
-4
-134
167
-8
-45
61
-44
-6
10
-17
65
-40
-109
16
-34
